C1 0.5503 0.6612 -0.1109 0.00019998000199980003 0.0011998800119988001
R1 0.5945 0.6612 -0.0667 0.00019998000199980003 0.000999900009999
C2 0.1618 0.3527 -0.1909 0.009950248756218905 0.04975124378109452
C3a 0.5541 0.5505 0.0036 0.8770245950809838 1.0
C3b 0.5255 0.5509 -0.0254 0.30293941211757647 0.9088182363527294
R3a 0.606 0.5911 0.0149 0.5198960207958409 1.0
R3b 0.5709 0.6021 -0.0312 0.23035392921415718 0.9214157168566287
C4 91.0 89.641 1.359 0.840316 1.0
R4 59.0 60.2961 -1.2961 0.305169 0.9214157168566287
C5 0.0871 0.001 0.0871 0.117288 0.469152
R5 0.0235 -0.0146 0.0235 0.756424 1.0
